500
499.8
499.7
499.5
499.3
499.2
499
498.8
498.7
498.5
498.3
498.2
498
497.8
497.7
497.5
497.3
497.2
497
496.8
496.7
496.5
496.3
496.2
496
495.8
495.7
495.5
495.3
495.2
495
494.8
494.7
494.5
494.3
494.2
494
493.8
493.7
493.5
493.3
493.2
493
492.8
492.7
492.5
492.3
492.2
492
491.8
491.7
491.5
491.3
491.2
491
490.8
490.7
490.5
490.3
490.2
490
489.8
489.7
489.5
489.3
489.2
489
488.8
488.7
488.5
488.3
488.2
488
487.8
487.7
487.5
487.3
487.2
487
486.8
486.7
486.5
486.3
486.2
486
485.8
485.7
485.5
485.3
485.2
485
484.8
484.7
484.5
484.3
484.2
484
483.8
483.7
483.5
483.3
483.2
483
482.8
482.7
482.5
482.3
482.2
482
481.8
481.7
481.5
481.3
481.2
481
480.8
480.7
480.5
480.3
480.2